rl	VPP	VPP/RMS	RMS
1.000000000000000e+01	6.384690e-01	1.473862e+00	4.331946e-01
1.148698354997040e+01	7.186241e-01	1.462655e+00	4.913149e-01
1.319507910772890e+01	8.051003e-01	1.447507e+00	5.561981e-01
1.515716566510400e+01	8.986184e-01	1.430145e+00	6.283408e-01
1.741101126592250e+01	9.980559e-01	1.409279e+00	7.082033e-01
2.000000000000000e+01	1.101150e+00	1.383013e+00	7.961961e-01
2.297396709994070e+01	1.207928e+00	1.353150e+00	8.926788e-01
2.639015821545790e+01	1.315094e+00	1.317799e+00	9.979470e-01
3.031433133020800e+01	1.419734e+00	1.276473e+00	1.112232e+00
3.482202253184500e+01	1.522644e+00	1.232184e+00	1.235727e+00
4.000000000000000e+01	1.616366e+00	1.181029e+00	1.368608e+00
4.594793419988140e+01	1.704211e+00	1.127898e+00	1.510962e+00
5.278031643091580e+01	1.779469e+00	1.070065e+00	1.662953e+00
6.062866266041600e+01	1.839853e+00	1.008322e+00	1.824668e+00
6.964404506369000e+01	1.891227e+00	9.474482e-01	1.996127e+00
8.000000000000010e+01	1.922584e+00	8.830373e-01	2.177240e+00
9.189586839976290e+01	1.942610e+00	8.204239e-01	2.367813e+00
1.055606328618320e+02	1.948200e+00	7.588007e-01	2.567472e+00
1.212573253208320e+02	1.939381e+00	6.987700e-01	2.775421e+00
1.392880901273800e+02	1.915549e+00	6.404459e-01	2.990962e+00
1.600000000000000e+02	1.881938e+00	5.857181e-01	3.213044e+00
1.837917367995260e+02	1.834574e+00	5.332421e-01	3.440416e+00
2.111212657236630e+02	1.784418e+00	4.859816e-01	3.671782e+00
2.425146506416640e+02	1.721841e+00	4.408620e-01	3.905623e+00
2.785761802547600e+02	1.653810e+00	3.994162e-01	4.140568e+00
3.200000000000010e+02	1.574914e+00	3.599670e-01	4.375164e+00
3.675834735990520e+02	1.501303e+00	3.258267e-01	4.607675e+00
4.222425314473270e+02	1.421200e+00	2.937998e-01	4.837306e+00
4.850293012833280e+02	1.338377e+00	2.643688e-01	5.062538e+00
5.571523605095210e+02	1.254412e+00	2.374740e-01	5.282314e+00
6.400000000000020e+02	1.171261e+00	2.131198e-01	5.495790e+00
7.351669471981040e+02	1.090997e+00	1.913306e-01	5.702156e+00
8.444850628946550e+02	1.009962e+00	1.711534e-01	5.900913e+00
9.700586025666570e+02	9.322219e-01	1.530365e-01	6.091499e+00
1.114304721019040e+03	8.600869e-01	1.371003e-01	6.273412e+00
1.280000000000000e+03	7.878819e-01	1.222138e-01	6.446750e+00
1.470333894396210e+03	7.223372e-01	1.092613e-01	6.611098e+00
1.688970125789310e+03	6.588092e-01	9.735867e-02	6.766826e+00
1.940117205133320e+03	5.991578e-01	8.666030e-02	6.913867e+00
2.228609442038080e+03	5.442657e-01	7.717719e-02	7.052158e+00
2.560000000000010e+03	4.923964e-01	6.855573e-02	7.182425e+00
2.940667788792420e+03	4.442368e-01	6.081788e-02	7.304378e+00
3.377940251578620e+03	4.007268e-01	5.401550e-02	7.418737e+00
3.880234410266630e+03	3.608899e-01	4.795335e-02	7.525855e+00
4.457218884076170e+03	3.249817e-01	4.261614e-02	7.625789e+00
5.000000000000000e+03	2.968965e-01	3.853956e-02	7.703680e+00
