time	V(vb)	V(vc)	V(ve)	V(vin)	V(vout)
0.000000000000000e+00	1.373059e+00	9.188957e+00	6.243721e-01	0.000000e+00	2.024327e-14
4.882812557061023e-11	1.373059e+00	9.188953e+00	6.243727e-01	3.067962e-07	-3.744347e-06
9.765625114122045e-11	1.373059e+00	9.188951e+00	6.243732e-01	6.135923e-07	-6.583796e-06
1.953125022824409e-10	1.373060e+00	9.188947e+00	6.243741e-01	1.227185e-06	-1.082227e-05
2.197265650677460e-10	1.373060e+00	9.188946e+00	6.243742e-01	1.380583e-06	-1.141051e-05
2.685546906383562e-10	1.373060e+00	9.188945e+00	6.243746e-01	1.687379e-06	-1.238538e-05
3.662109417795767e-10	1.373061e+00	9.188944e+00	6.243751e-01	2.300971e-06	-1.341819e-05
5.615234440620176e-10	1.373062e+00	9.188944e+00	6.243760e-01	3.528156e-06	-1.367651e-05
6.103515696326278e-10	1.373063e+00	9.188944e+00	6.243762e-01	3.834952e-06	-1.354493e-05
7.080078207738483e-10	1.373063e+00	9.188944e+00	6.243766e-01	4.448544e-06	-1.330185e-05
9.033203230562892e-10	1.373064e+00	9.188944e+00	6.243774e-01	5.675729e-06	-1.311896e-05
1.293945327621171e-09	1.373067e+00	9.188943e+00	6.243792e-01	8.130099e-06	-1.445817e-05
2.075195336750935e-09	1.373072e+00	9.188934e+00	6.243832e-01	1.303884e-05	-2.260849e-05
2.270507839033375e-09	1.373073e+00	9.188931e+00	6.243843e-01	1.426602e-05	-2.556982e-05
2.661132843598257e-09	1.373075e+00	9.188926e+00	6.243865e-01	1.672039e-05	-3.174724e-05
3.442382852728021e-09	1.373080e+00	9.188912e+00	6.243911e-01	2.162913e-05	-4.510756e-05
3.637695355010462e-09	1.373082e+00	9.188909e+00	6.243923e-01	2.285631e-05	-4.859551e-05
4.028320359575344e-09	1.373084e+00	9.188902e+00	6.243946e-01	2.531068e-05	-5.561450e-05
4.809570368705107e-09	1.373089e+00	9.188888e+00	6.243992e-01	3.021942e-05	-6.982137e-05
6.372070386964634e-09	1.373099e+00	9.188859e+00	6.244085e-01	4.003690e-05	-9.847760e-05
6.762695391529516e-09	1.373101e+00	9.188851e+00	6.244108e-01	4.249127e-05	-1.056623e-04
7.543945400659280e-09	1.373106e+00	9.188837e+00	6.244155e-01	4.740001e-05	-1.200296e-04
9.106445418918807e-09	1.373116e+00	9.188808e+00	6.244248e-01	5.721748e-05	-1.487649e-04
1.223144545543786e-08	1.373136e+00	9.188751e+00	6.244433e-01	7.685244e-05	-2.062384e-04
1.848144552847597e-08	1.373175e+00	9.188636e+00	6.244804e-01	1.161223e-04	-3.211833e-04
3.098144567455219e-08	1.373253e+00	9.188406e+00	6.245547e-01	1.946622e-04	-5.510744e-04
5.598144596670462e-08	1.373410e+00	9.187946e+00	6.247033e-01	3.517418e-04	-1.010856e-03
1.059814465510095e-07	1.373725e+00	9.187027e+00	6.250004e-01	6.659010e-04	-1.930421e-03
2.059814477196192e-07	1.374353e+00	9.185187e+00	6.255947e-01	1.294219e-03	-3.769557e-03
4.059814500568387e-07	1.375610e+00	9.181509e+00	6.267833e-01	2.550854e-03	-7.447849e-03
8.059814547312777e-07	1.378123e+00	9.174150e+00	6.291608e-01	5.064109e-03	-1.480449e-02
1.605981464080156e-06	1.383149e+00	9.159429e+00	6.339166e-01	1.009051e-02	-2.951779e-02
6.405981520173423e-06	1.413298e+00	9.071011e+00	6.624704e-01	4.023910e-02	-1.177757e-01
1.617160652017343e-05	1.474493e+00	8.890950e+00	7.205638e-01	1.014344e-01	-2.969167e-01
2.384459759160200e-05	1.522590e+00	8.748844e+00	7.663590e-01	1.495312e-01	-4.377286e-01
3.151758866303057e-05	1.570068e+00	8.608240e+00	8.116251e-01	1.970089e-01	-5.765685e-01
3.919057973445914e-05	1.616926e+00	8.469136e+00	8.563620e-01	2.438675e-01	-7.134363e-01
4.686357080588771e-05	1.663166e+00	8.331534e+00	9.005697e-01	2.901071e-01	-8.483321e-01
5.453656187731628e-05	1.708786e+00	8.195433e+00	9.442483e-01	3.357276e-01	-9.812559e-01
6.220955294874486e-05	1.753788e+00	8.060833e+00	9.873978e-01	3.807290e-01	-1.112208e+00
6.988254402017341e-05	1.798170e+00	7.927734e+00	1.030018e+00	4.251114e-01	-1.241187e+00
8.104325830588771e-05	1.861228e+00	7.738111e+00	1.090646e+00	4.881695e-01	-1.423944e+00
9.220397259160201e-05	1.921195e+00	7.557335e+00	1.148338e+00	5.481360e-01	-1.597072e+00
1.033646868773163e-04	1.978070e+00	7.385406e+00	1.203094e+00	6.050110e-01	-1.760569e+00
1.145254011630306e-04	2.031853e+00	7.222324e+00	1.254915e+00	6.587944e-01	-1.914437e+00
1.256861154487449e-04	2.082545e+00	7.068088e+00	1.303801e+00	7.094862e-01	-2.058675e+00
1.368468297344592e-04	2.130145e+00	6.922700e+00	1.349752e+00	7.570866e-01	-2.193283e+00
1.480075440201735e-04	2.174654e+00	6.786158e+00	1.392767e+00	8.015953e-01	-2.318261e+00
1.654461600916021e-04	2.236208e+00	6.596104e+00	1.452283e+00	8.631490e-01	-2.488603e+00
1.828847761630306e-04	2.286313e+00	6.440084e+00	1.500732e+00	9.132542e-01	-2.624377e+00
2.003233922344592e-04	2.324970e+00	6.318099e+00	1.538112e+00	9.519109e-01	-2.725583e+00
2.177620083058878e-04	2.352178e+00	6.230148e+00	1.564424e+00	9.791192e-01	-2.792222e+00
2.352006243773164e-04	2.367938e+00	6.176232e+00	1.579667e+00	9.948790e-01	-2.824293e+00
2.526392404487450e-04	2.372249e+00	6.156350e+00	1.583842e+00	9.991904e-01	-2.821796e+00
2.700778565201735e-04	2.365112e+00	6.170503e+00	1.576949e+00	9.920533e-01	-2.784732e+00
2.847262940201736e-04	2.348583e+00	6.214148e+00	1.560927e+00	9.755246e-01	-2.722382e+00
2.993747315201736e-04	2.324496e+00	6.280605e+00	1.537612e+00	9.514370e-01	-2.638081e+00
3.140231690201736e-04	2.292849e+00	6.369871e+00	1.507004e+00	9.197905e-01	-2.531828e+00
3.286716065201736e-04	2.253644e+00	6.481948e+00	1.469104e+00	8.805850e-01	-2.403623e+00
3.433200440201736e-04	2.206879e+00	6.616836e+00	1.423911e+00	8.338206e-01	-2.253468e+00
3.579684815201736e-04	2.152556e+00	6.774534e+00	1.371426e+00	7.794972e-01	-2.081360e+00
3.726169190201736e-04	2.090674e+00	6.955042e+00	1.311649e+00	7.176149e-01	-1.887301e+00
3.830800886630308e-04	2.042787e+00	7.095217e+00	1.265420e+00	6.697280e-01	-1.738431e+00
3.935432583058880e-04	1.992578e+00	7.242401e+00	1.217010e+00	6.195196e-01	-1.583351e+00
4.040064279487451e-04	1.940048e+00	7.396593e+00	1.166420e+00	5.669896e-01	-1.422061e+00
4.144695975916023e-04	1.885197e+00	7.557793e+00	1.113649e+00	5.121381e-01	-1.254562e+00
4.249327672344594e-04	1.828024e+00	7.726002e+00	1.058698e+00	4.549650e-01	-1.080852e+00
4.353959368773166e-04	1.768529e+00	7.901220e+00	1.001566e+00	3.954704e-01	-9.009331e-01
4.458591065201737e-04	1.706713e+00	8.083446e+00	9.422531e-01	3.336542e-01	-7.148041e-01
4.507419190201737e-04	1.677569e+00	8.169346e+00	9.143315e-01	3.045102e-01	-6.274126e-01
4.556247315201737e-04	1.648208e+00	8.255868e+00	8.862307e-01	2.751494e-01	-5.395971e-01
4.605075440201737e-04	1.618630e+00	8.343011e+00	8.579504e-01	2.455716e-01	-4.513574e-01
4.653903565201737e-04	1.588836e+00	8.430774e+00	8.294909e-01	2.157769e-01	-3.626936e-01
4.702731690201737e-04	1.558824e+00	8.519159e+00	8.008520e-01	1.857653e-01	-2.736056e-01
4.751559815201737e-04	1.528595e+00	8.608164e+00	7.720338e-01	1.555368e-01	-1.840935e-01
4.800387940201737e-04	1.498150e+00	8.697790e+00	7.430363e-01	1.250914e-01	-9.415731e-02
4.898044190201737e-04	1.437076e+00	8.877392e+00	6.849937e-01	6.401692e-02	8.546334e-02
4.946872315201737e-04	1.406434e+00	8.967403e+00	6.559367e-01	3.337491e-02	1.751860e-01
4.995700440201738e-04	1.375760e+00	9.057425e+00	6.268976e-01	2.701490e-03	2.647213e-01
5.044528565201738e-04	1.345084e+00	9.147362e+00	5.979080e-01	-2.797447e-02	3.539718e-01
5.093356690201738e-04	1.314435e+00	9.237111e+00	5.690001e-01	-5.862411e-02	4.428383e-01
5.191012940201738e-04	1.253330e+00	9.415645e+00	5.115600e-01	-1.197291e-01	6.190171e-01
5.288669190201738e-04	1.192675e+00	9.592196e+00	4.548441e-01	-1.803834e-01	7.924386e-01
5.386325440201738e-04	1.132700e+00	9.765900e+00	3.991297e-01	-2.403588e-01	9.622529e-01
5.532809815201738e-04	1.044503e+00	1.001910e+01	3.180823e-01	-3.285560e-01	1.208236e+00
5.630466065201738e-04	9.872046e-01	1.018153e+01	2.662060e-01	-3.858542e-01	1.364956e+00
5.728122315201738e-04	9.313586e-01	1.033749e+01	2.164886e-01	-4.417001e-01	1.514537e+00
5.825778565201738e-04	8.771752e-01	1.048556e+01	1.693897e-01	-4.958835e-01	1.655576e+00
5.874606690201738e-04	8.507709e-01	1.055607e+01	1.470025e-01	-5.222878e-01	1.722343e+00
5.923434815201738e-04	8.248581e-01	1.062385e+01	1.255133e-01	-5.482006e-01	1.786231e+00
5.972262940201738e-04	7.994613e-01	1.068852e+01	1.050413e-01	-5.735974e-01	1.846875e+00
6.021091065201738e-04	7.746044e-01	1.074962e+01	8.573668e-02	-5.984544e-01	1.903816e+00
6.069919190201738e-04	7.503107e-01	1.080654e+01	6.779306e-02	-6.227481e-01	1.956459e+00
6.118747315201739e-04	7.266031e-01	1.085850e+01	5.146195e-02	-6.464556e-01	2.004031e+00
6.167575440201739e-04	7.035039e-01	1.090451e+01	3.706345e-02	-6.695548e-01	2.045550e+00
6.216403565201739e-04	6.810349e-01	1.094330e+01	2.500214e-02	-6.920239e-01	2.079772e+00
6.265231690201739e-04	6.592172e-01	1.097396e+01	1.557467e-02	-7.138416e-01	2.105788e+00
6.314059815201739e-04	6.380713e-01	1.099601e+01	8.927101e-03	-7.349874e-01	2.123159e+00
6.362887940201739e-04	6.176172e-01	1.101038e+01	4.766030e-03	-7.554415e-01	2.132807e+00
6.411716065201739e-04	5.978740e-01	1.101909e+01	2.431256e-03	-7.751847e-01	2.136786e+00
6.460544190201739e-04	5.788605e-01	1.102431e+01	1.222167e-03	-7.941982e-01	2.137275e+00
6.509372315201739e-04	5.605944e-01	1.102767e+01	6.164460e-04	-8.124643e-01	2.135895e+00
6.558200440201739e-04	5.430930e-01	1.103008e+01	3.158254e-04	-8.299657e-01	2.133573e+00
6.607028565201739e-04	5.263727e-01	1.103202e+01	1.652696e-04	-8.466860e-01	2.130789e+00
6.655856690201739e-04	5.104493e-01	1.103373e+01	8.854333e-05	-8.626094e-01	2.127782e+00
6.704684815201739e-04	4.953378e-01	1.103533e+01	4.849556e-05	-8.777210e-01	2.124665e+00
6.753512940201739e-04	4.810523e-01	1.103686e+01	2.713589e-05	-8.920064e-01	2.121495e+00
6.802341065201739e-04	4.676064e-01	1.103837e+01	1.540504e-05	-9.054524e-01	2.118300e+00
6.851169190201739e-04	4.550126e-01	1.103985e+01	8.869131e-06	-9.180461e-01	2.115094e+00
6.899997315201739e-04	4.432828e-01	1.104133e+01	5.091229e-06	-9.297759e-01	2.111884e+00
6.948825440201739e-04	4.324282e-01	1.104280e+01	2.930253e-06	-9.406305e-01	2.108675e+00
6.997653565201739e-04	4.224588e-01	1.104426e+01	1.620431e-06	-9.505999e-01	2.105467e+00
7.046481690201739e-04	4.133841e-01	1.104572e+01	8.870636e-07	-9.596746e-01	2.102263e+00
7.095309815201739e-04	4.052126e-01	1.104717e+01	4.239146e-07	-9.678461e-01	2.099062e+00
7.144137940201739e-04	3.979520e-01	1.104862e+01	2.051872e-07	-9.751067e-01	2.095866e+00
7.192966065201739e-04	3.916092e-01	1.105008e+01	6.286557e-08	-9.814495e-01	2.092674e+00
7.290622315201740e-04	3.816997e-01	1.105297e+01	4.196910e-08	-9.913590e-01	2.086304e+00
7.388278565201740e-04	3.755215e-01	1.105585e+01	1.777518e-07	-9.975373e-01	2.079954e+00
7.485934815201740e-04	3.730978e-01	1.105873e+01	4.010863e-07	-9.999610e-01	2.073622e+00
7.583591065201740e-04	3.744377e-01	1.106159e+01	6.925470e-07	-9.986210e-01	2.067309e+00
7.681247315201740e-04	3.795362e-01	1.106445e+01	1.065021e-06	-9.935226e-01	2.061016e+00
7.778903565201740e-04	3.883741e-01	1.106730e+01	1.572785e-06	-9.846847e-01	2.054741e+00
7.827731690201740e-04	3.941854e-01	1.106872e+01	1.939341e-06	-9.788733e-01	2.051610e+00
7.876559815201740e-04	4.009181e-01	1.107013e+01	2.357816e-06	-9.721407e-01	2.048484e+00
7.925387940201740e-04	4.085656e-01	1.107155e+01	2.977112e-06	-9.644931e-01	2.045362e+00
7.974216065201740e-04	4.171210e-01	1.107296e+01	3.792662e-06	-9.559377e-01	2.042245e+00
8.023044190201740e-04	4.265760e-01	1.107437e+01	5.052460e-06	-9.464827e-01	2.039130e+00
8.071872315201740e-04	4.369219e-01	1.107577e+01	6.928867e-06	-9.361368e-01	2.036019e+00
8.120700440201740e-04	4.481488e-01	1.107717e+01	9.991627e-06	-9.249099e-01	2.032908e+00
8.169528565201740e-04	4.602461e-01	1.107856e+01	1.501276e-05	-9.128126e-01	2.029797e+00
8.218356690201740e-04	4.732026e-01	1.107994e+01	2.370331e-05	-8.998561e-01	2.026678e+00
8.267184815201740e-04	4.870060e-01	1.108130e+01	3.905722e-05	-8.860527e-01	2.023544e+00
8.316012940201740e-04	5.016434e-01	1.108261e+01	6.720187e-05	-8.714154e-01	2.020375e+00
8.364841065201741e-04	5.171008e-01	1.108384e+01	1.200834e-04	-8.559579e-01	2.017134e+00
8.413669190201741e-04	5.333639e-01	1.108492e+01	2.222625e-04	-8.396949e-01	2.013746e+00
8.462497315201741e-04	5.504172e-01	1.108569e+01	4.239699e-04	-8.226415e-01	2.010054e+00
8.511325440201741e-04	5.682449e-01	1.108582e+01	8.287466e-04	-8.048139e-01	2.005740e+00
8.560153565201741e-04	5.868299e-01	1.108468e+01	1.643726e-03	-7.862288e-01	2.000162e+00
8.608981690201741e-04	6.061549e-01	1.108108e+01	3.254112e-03	-7.669038e-01	1.992130e+00
8.657809815201741e-04	6.262017e-01	1.107311e+01	6.268995e-03	-7.468570e-01	1.979762e+00
8.706637940201741e-04	6.469515e-01	1.105851e+01	1.142194e-02	-7.261072e-01	1.960794e+00
8.755466065201741e-04	6.683846e-01	1.103564e+01	1.924004e-02	-7.046741e-01	1.933605e+00
8.804294190201741e-04	6.904809e-01	1.100416e+01	2.982753e-02	-6.825778e-01	1.897884e+00
8.853122315201741e-04	7.132197e-01	1.096498e+01	4.289372e-02	-6.598390e-01	1.854545e+00
8.901950440201741e-04	7.365795e-01	1.091896e+01	5.815816e-02	-6.364793e-01	1.804468e+00
8.950778565201741e-04	7.605383e-01	1.086734e+01	7.521826e-02	-6.125205e-01	1.748911e+00
8.999606690201741e-04	7.850736e-01	1.081105e+01	9.377237e-02	-5.879852e-01	1.688815e+00
9.048434815201741e-04	8.101622e-01	1.075079e+01	1.135967e-01	-5.628965e-01	1.624880e+00
9.097262940201741e-04	8.357807e-01	1.068709e+01	1.345189e-01	-5.372781e-01	1.557647e+00
9.146091065201741e-04	8.619048e-01	1.062035e+01	1.564036e-01	-5.111539e-01	1.487540e+00
9.194919190201741e-04	8.885100e-01	1.055093e+01	1.791428e-01	-4.845487e-01	1.414897e+00
9.292575440201741e-04	9.430631e-01	1.040505e+01	2.268430e-01	-4.299957e-01	1.263079e+00
9.390231690201741e-04	9.992346e-01	1.025119e+01	2.770544e-01	-3.738242e-01	1.103970e+00
9.536716065201742e-04	1.086062e+00	1.000832e+01	3.561423e-01	-2.869964e-01	8.545871e-01
9.683200440201742e-04	1.175320e+00	9.754205e+00	4.387036e-01	-1.977392e-01	5.956468e-01
9.780856690201742e-04	1.235802e+00	9.580129e+00	4.951609e-01	-1.372571e-01	4.193200e-01
9.878512940201740e-04	1.296800e+00	9.403338e+00	5.524209e-01	-7.625847e-02	2.410663e-01
9.927341065201739e-04	1.327422e+00	9.314188e+00	5.812674e-01	-4.563710e-02	1.514804e-01
9.976169190201738e-04	1.358086e+00	9.224669e+00	6.102142e-01	-1.497278e-02	6.172504e-02
1.002499731520174e-03	1.388764e+00	9.134882e+00	6.392289e-01	1.570563e-02	-2.809912e-02
1.007382544020174e-03	1.419428e+00	9.044926e+00	6.682798e-01	4.636926e-02	-1.178935e-01
1.017148169020173e-03	1.480595e+00	8.864897e+00	7.263638e-01	1.075368e-01	-2.970031e-01
1.024821160091602e-03	1.528654e+00	8.722871e+00	7.721336e-01	1.555951e-01	-4.377345e-01
1.032494151163030e-03	1.576079e+00	8.582390e+00	8.173600e-01	2.030207e-01	-5.764504e-01
1.040167142234459e-03	1.622872e+00	8.443455e+00	8.620431e-01	2.498135e-01	-7.131508e-01
1.047840133305887e-03	1.669032e+00	8.306065e+00	9.061828e-01	2.959736e-01	-8.478358e-01
1.055513124377315e-03	1.714560e+00	8.170221e+00	9.497792e-01	3.415009e-01	-9.805054e-01
1.063186115448744e-03	1.759454e+00	8.035922e+00	9.928322e-01	3.863954e-01	-1.111160e+00
1.070859106520172e-03	1.803716e+00	7.903168e+00	1.035342e+00	4.306573e-01	-1.239798e+00
1.082019820805886e-03	1.866573e+00	7.714127e+00	1.095783e+00	4.935145e-01	-1.421981e+00
1.093180535091600e-03	1.926316e+00	7.534006e+00	1.153265e+00	5.532570e-01	-1.594465e+00
1.104341249377314e-03	1.982944e+00	7.362804e+00	1.207788e+00	6.098848e-01	-1.757250e+00
1.115501963663028e-03	2.036457e+00	7.200523e+00	1.259353e+00	6.633978e-01	-1.910336e+00
1.126662677948743e-03	2.086855e+00	7.047162e+00	1.307958e+00	7.137962e-01	-2.053723e+00
1.137823392234457e-03	2.134138e+00	6.902720e+00	1.353605e+00	7.610798e-01	-2.187412e+00
1.148984106520171e-03	2.178307e+00	6.767199e+00	1.396294e+00	8.052487e-01	-2.311401e+00
1.167120267234456e-03	2.241543e+00	6.571858e+00	1.457440e+00	8.684839e-01	-2.486216e+00
1.185256427948741e-03	2.292342e+00	6.413509e+00	1.506562e+00	9.192837e-01	-2.623522e+00
1.203392588663026e-03	2.330707e+00	6.292151e+00	1.543660e+00	9.576480e-01	-2.723317e+00
1.221528749377312e-03	2.356636e+00	6.207784e+00	1.568735e+00	9.835767e-01	-2.785603e+00
1.239664910091597e-03	2.370129e+00	6.160408e+00	1.581785e+00	9.970700e-01	-2.810378e+00
1.257801070805882e-03	2.371186e+00	6.150024e+00	1.582811e+00	9.981277e-01	-2.797644e+00
1.275937231520168e-03	2.359809e+00	6.176631e+00	1.571813e+00	9.867500e-01	-2.747399e+00
1.289888124377310e-03	2.341119e+00	6.227102e+00	1.553701e+00	9.680599e-01	-2.679407e+00
1.303839017234453e-03	2.315638e+00	6.298071e+00	1.529040e+00	9.425797e-01	-2.591729e+00
1.317789910091596e-03	2.283368e+00	6.389536e+00	1.497831e+00	9.103095e-01	-2.484364e+00
1.331740802948738e-03	2.244308e+00	6.501498e+00	1.460074e+00	8.712492e-01	-2.357312e+00
1.345691695805881e-03	2.198458e+00	6.633956e+00	1.415768e+00	8.253989e-01	-2.210574e+00
1.359642588663023e-03	2.145817e+00	6.786911e+00	1.364913e+00	7.727585e-01	-2.044149e+00
1.373593481520166e-03	2.086387e+00	6.960363e+00	1.307509e+00	7.133281e-01	-1.858037e+00
1.384056651163023e-03	2.038218e+00	7.101416e+00	1.261011e+00	6.651596e-01	-1.708431e+00
1.394519820805880e-03	1.987751e+00	7.249408e+00	1.212355e+00	6.146919e-01	-1.552687e+00
1.404982990448736e-03	1.934984e+00	7.404340e+00	1.161541e+00	5.619248e-01	-1.390804e+00
1.415446160091594e-03	1.879917e+00	7.566211e+00	1.108568e+00	5.068585e-01	-1.222782e+00
1.425909329734450e-03	1.822551e+00	7.735022e+00	1.053438e+00	4.494928e-01	-1.048622e+00
1.436372499377307e-03	1.762887e+00	7.910773e+00	9.961494e-01	3.898279e-01	-8.683226e-01
1.446835669020164e-03	1.700922e+00	8.093464e+00	9.367029e-01	3.278637e-01	-6.818849e-01
1.451718481520164e-03	1.671719e+00	8.179552e+00	9.087285e-01	2.986601e-01	-5.943797e-01
1.456601294020164e-03	1.642304e+00	8.266243e+00	8.805807e-01	2.692452e-01	-5.064686e-01
1.461484106520164e-03	1.612678e+00	8.353537e+00	8.522594e-01	2.396190e-01	-4.181515e-01
1.466366919020164e-03	1.582840e+00	8.441433e+00	8.237647e-01	2.097815e-01	-3.294285e-01
1.471249731520164e-03	1.552791e+00	8.529932e+00	7.950965e-01	1.797327e-01	-2.402996e-01
1.476132544020164e-03	1.522531e+00	8.619034e+00	7.662548e-01	1.494727e-01	-1.507647e-01
1.481015356520163e-03	1.492060e+00	8.708738e+00	7.372397e-01	1.190014e-01	-6.082395e-02
1.490780981520163e-03	1.430951e+00	8.888439e+00	6.791806e-01	5.789242e-02	1.187480e-01
1.495663794020163e-03	1.400301e+00	8.978471e+00	6.501247e-01	2.724181e-02	2.084175e-01
1.500546606520163e-03	1.369624e+00	9.068495e+00	6.210929e-01	-3.434423e-03	2.978803e-01
1.505429419020163e-03	1.338951e+00	9.158412e+00	5.921170e-01	-3.410743e-02	3.870385e-01
1.510312231520163e-03	1.308310e+00	9.248123e+00	5.632294e-01	-6.474833e-02	4.757929e-01
1.520077856520163e-03	1.247240e+00	9.426517e+00	5.058496e-01	-1.258186e-01	6.516867e-01
1.529843481520162e-03	1.186643e+00	9.602842e+00	4.492212e-01	-1.864152e-01	8.247400e-01
1.544491919020162e-03	1.097135e+00	9.861545e+00	3.663012e-01	-2.759241e-01	1.077114e+00
1.559140356520162e-03	1.009961e+00	1.011046e+01	2.867184e-01	-3.630972e-01	1.318061e+00
1.568905981520162e-03	9.535092e-01	1.026919e+01	2.360879e-01	-4.195496e-01	1.470603e+00
1.578671606520161e-03	8.986359e-01	1.042063e+01	1.878793e-01	-4.744228e-01	1.615203e+00
1.583554419020161e-03	8.718562e-01	1.049312e+01	1.648439e-01	-5.012025e-01	1.684035e+00
1.588437231520161e-03	8.455482e-01	1.056312e+01	1.426280e-01	-5.275105e-01	1.750229e+00
1.593320044020161e-03	8.197367e-01	1.063031e+01	1.213320e-01	-5.533220e-01	1.813477e+00
1.598202856520161e-03	7.944460e-01	1.069432e+01	1.010802e-01	-5.786127e-01	1.873398e+00
1.603085669020161e-03	7.696998e-01	1.075465e+01	8.203074e-02	-6.033589e-01	1.929509e+00
1.607968481520161e-03	7.455215e-01	1.081065e+01	6.438749e-02	-6.275372e-01	1.981184e+00
1.612851294020161e-03	7.219338e-01	1.086152e+01	4.841516e-02	-6.511249e-01	2.027608e+00
1.617734106520161e-03	6.989590e-01	1.090621e+01	3.444744e-02	-6.740997e-01	2.067758e+00
1.622616919020160e-03	6.766186e-01	1.094344e+01	2.289480e-02	-6.964402e-01	2.100371e+00
1.627499731520160e-03	6.549336e-01	1.097238e+01	1.402484e-02	-7.181251e-01	2.124630e+00
1.632382544020160e-03	6.339245e-01	1.099279e+01	7.912997e-03	-7.391342e-01	2.140314e+00
1.637265356520160e-03	6.136110e-01	1.100585e+01	4.177161e-03	-7.594476e-01	2.148620e+00
1.642148169020160e-03	5.940124e-01	1.101371e+01	2.119901e-03	-7.790464e-01	2.151716e+00
1.647030981520160e-03	5.751469e-01	1.101847e+01	1.064956e-03	-7.979118e-01	2.151705e+00
1.651913794020160e-03	5.570324e-01	1.102159e+01	5.384055e-04	-8.160263e-01	2.150057e+00
1.656796606520160e-03	5.396860e-01	1.102389e+01	2.769608e-04	-8.333728e-01	2.147592e+00
1.661679419020160e-03	5.231238e-01	1.102578e+01	1.455737e-04	-8.499349e-01	2.144728e+00
1.666562231520160e-03	5.073616e-01	1.102747e+01	7.837800e-05	-8.656971e-01	2.141670e+00
1.671445044020159e-03	4.924141e-01	1.102907e+01	4.308868e-05	-8.806446e-01	2.138517e+00
1.676327856520159e-03	4.782955e-01	1.103060e+01	2.422293e-05	-8.947632e-01	2.135318e+00
1.681210669020159e-03	4.650190e-01	1.103211e+01	1.376322e-05	-9.080397e-01	2.132098e+00
1.686093481520159e-03	4.525971e-01	1.103361e+01	7.958655e-06	-9.204616e-01	2.128869e+00
1.690976294020159e-03	4.410416e-01	1.103509e+01	4.541339e-06	-9.320171e-01	2.125637e+00
1.695859106520159e-03	4.303632e-01	1.103656e+01	2.630296e-06	-9.426956e-01	2.122406e+00
1.700741919020159e-03	4.205720e-01	1.103804e+01	1.420613e-06	-9.524867e-01	2.119177e+00
1.705624731520159e-03	4.116773e-01	1.103950e+01	7.928475e-07	-9.613814e-01	2.115951e+00
1.710507544020159e-03	4.036874e-01	1.104097e+01	3.480979e-07	-9.693713e-01	2.112730e+00
1.715390356520158e-03	3.966098e-01	1.104243e+01	1.875253e-07	-9.764488e-01	2.109513e+00
1.720273169020158e-03	3.904513e-01	1.104389e+01	3.558194e-08	-9.826074e-01	2.106300e+00
1.725155981520158e-03	3.852175e-01	1.104535e+01	6.316650e-08	-9.878412e-01	2.103092e+00
1.730038794020158e-03	3.809135e-01	1.104680e+01	3.588693e-08	-9.921452e-01	2.099889e+00
1.734921606520158e-03	3.775432e-01	1.104825e+01	1.486867e-07	-9.955155e-01	2.096690e+00
1.739804419020158e-03	3.751099e-01	1.104970e+01	1.824611e-07	-9.979488e-01	2.093497e+00
1.744687231520158e-03	3.736158e-01	1.105115e+01	3.413422e-07	-9.994429e-01	2.090308e+00
1.749570044020158e-03	3.730624e-01	1.105260e+01	4.129325e-07	-9.999964e-01	2.087124e+00
1.754452856520158e-03	3.734501e-01	1.105404e+01	6.056918e-07	-9.996086e-01	2.083944e+00
1.759335669020158e-03	3.747786e-01	1.105548e+01	7.114070e-07	-9.982801e-01	2.080770e+00
1.764218481520157e-03	3.770466e-01	1.105692e+01	9.420137e-07	-9.960121e-01	2.077600e+00
1.769101294020157e-03	3.802521e-01	1.105836e+01	1.094072e-06	-9.928066e-01	2.074435e+00
1.773984106520157e-03	3.843920e-01	1.105979e+01	1.385168e-06	-9.886667e-01	2.071275e+00
1.778866919020157e-03	3.894624e-01	1.106122e+01	1.620999e-06	-9.835964e-01	2.068120e+00
1.783749731520157e-03	3.954584e-01	1.106265e+01	2.032569e-06	-9.776003e-01	2.064969e+00
1.788632544020157e-03	4.023746e-01	1.106408e+01	2.448196e-06	-9.706841e-01	2.061822e+00
1.793515356520157e-03	4.102044e-01	1.106550e+01	3.135728e-06	-9.628544e-01	2.058680e+00
1.798398169020157e-03	4.189403e-01	1.106692e+01	3.987384e-06	-9.541184e-01	2.055542e+00
1.803280981520157e-03	4.285742e-01	1.106834e+01	5.381859e-06	-9.444845e-01	2.052407e+00
1.808163794020156e-03	4.390971e-01	1.106975e+01	7.410635e-06	-9.339616e-01	2.049274e+00
1.813046606520156e-03	4.504989e-01	1.107116e+01	1.081592e-05	-9.225598e-01	2.046143e+00
1.817929419020156e-03	4.627691e-01	1.107256e+01	1.637022e-05	-9.102896e-01	2.043009e+00
1.822812231520156e-03	4.758959e-01	1.107394e+01	2.611712e-05	-8.971628e-01	2.039867e+00
1.827695044020156e-03	4.898672e-01	1.107530e+01	4.337421e-05	-8.831915e-01	2.036707e+00
1.832577856520156e-03	5.046697e-01	1.107661e+01	7.526362e-05	-8.683890e-01	2.033506e+00
1.837460669020156e-03	5.202895e-01	1.107783e+01	1.354349e-04	-8.527693e-01	2.030223e+00
1.842343481520156e-03	5.367118e-01	1.107887e+01	2.523358e-04	-8.363469e-01	2.026769e+00
1.847226294020156e-03	5.539213e-01	1.107956e+01	4.839198e-04	-8.191374e-01	2.022965e+00
1.852109106520156e-03	5.719018e-01	1.107951e+01	9.496349e-04	-8.011569e-01	2.018443e+00
1.856991919020155e-03	5.906363e-01	1.107801e+01	1.885759e-03	-7.824224e-01	2.012470e+00
1.861874731520155e-03	6.101072e-01	1.107371e+01	3.721567e-03	-7.629516e-01	2.003722e+00
1.866757544020155e-03	6.302961e-01	1.106461e+01	7.104818e-03	-7.427626e-01	1.990196e+00
1.871640356520155e-03	6.511841e-01	1.104845e+01	1.276184e-02	-7.218747e-01	1.969652e+00
1.876523169020155e-03	6.727515e-01	1.102385e+01	2.113963e-02	-7.003073e-01	1.940716e+00
1.881405981520155e-03	6.949780e-01	1.099074e+01	3.225830e-02	-6.780807e-01	1.903340e+00
1.886288794020155e-03	7.178427e-01	1.095013e+01	4.578661e-02	-6.552160e-01	1.858563e+00
1.891171606520155e-03	7.413240e-01	1.090292e+01	6.143624e-02	-6.317347e-01	1.807288e+00
1.896054419020155e-03	7.653999e-01	1.085031e+01	7.881641e-02	-6.076588e-01	1.750735e+00
1.900937231520155e-03	7.900478e-01	1.079318e+01	9.764063e-02	-5.830110e-01	1.689801e+00
1.905820044020154e-03	8.152443e-01	1.073220e+01	1.176969e-01	-5.578144e-01	1.625147e+00
1.910702856520154e-03	8.409659e-01	1.066787e+01	1.388214e-01	-5.320929e-01	1.557288e+00
1.915585669020154e-03	8.671882e-01	1.060059e+01	1.608850e-01	-5.058706e-01	1.486628e+00
1.920468481520154e-03	8.938866e-01	1.053067e+01	1.837838e-01	-4.791721e-01	1.413493e+00
1.930234106520154e-03	9.486108e-01	1.038393e+01	2.317578e-01	-4.244479e-01	1.260834e+00
1.939999731520154e-03	1.004933e+00	1.022937e+01	2.821947e-01	-3.681261e-01	1.101036e+00
1.954648169020154e-03	1.091945e+00	9.985679e+00	3.615490e-01	-2.811133e-01	8.508456e-01
1.969296606520153e-03	1.181338e+00	9.730958e+00	4.443038e-01	-1.917207e-01	5.913271e-01
1.979062231520153e-03	1.241882e+00	9.556591e+00	5.008538e-01	-1.311767e-01	4.147288e-01
1.988827856520153e-03	1.302920e+00	9.379594e+00	5.581791e-01	-7.013901e-02	2.362891e-01
1.993710669020153e-03	1.333552e+00	9.290371e+00	5.870482e-01	-3.950675e-02	1.466413e-01
1.998593481520153e-03	1.364221e+00	9.200799e+00	6.160112e-01	-8.837301e-03	5.684429e-02
2.003476294020153e-03	1.394899e+00	9.110980e+00	6.450357e-01	2.184046e-02	-3.300168e-02
2.013241919020152e-03	1.456164e+00	8.930990e+00	7.031425e-01	8.310547e-02	-2.124474e-01
2.020217365448724e-03	1.499952e+00	8.801823e+00	7.447959e-01	1.268933e-01	-3.407295e-01
2.027192811877295e-03	1.543291e+00	8.673695e+00	7.860768e-01	1.702319e-01	-4.675792e-01
2.034168258305866e-03	1.586180e+00	8.546606e+00	8.269852e-01	2.131213e-01	-5.929964e-01
2.041143704734438e-03	1.628620e+00	8.420556e+00	8.675210e-01	2.555614e-01	-7.169812e-01
2.048119151163009e-03	1.670611e+00	8.295545e+00	9.076843e-01	2.975522e-01	-8.395335e-01
2.055094597591580e-03	1.712153e+00	8.171574e+00	9.474751e-01	3.390938e-01	-9.606534e-01
2.062070044020151e-03	1.753245e+00	8.048641e+00	9.868933e-01	3.801862e-01	-1.080341e+00
2.072533213663008e-03	1.813773e+00	7.867088e+00	1.045030e+00	4.407145e-01	-1.256258e+00
2.082996383305865e-03	1.871803e+00	7.692621e+00	1.100807e+00	4.987439e-01	-1.424363e+00
2.093459552948722e-03	1.927333e+00	7.525239e+00	1.154223e+00	5.542744e-01	-1.584655e+00
2.103922722591579e-03	1.980365e+00	7.364943e+00	1.205280e+00	6.073060e-01	-1.737135e+00
2.114385892234436e-03	2.030897e+00	7.211732e+00	1.253976e+00	6.578386e-01	-1.881802e+00
2.124849061877293e-03	2.078931e+00	7.065607e+00	1.300313e+00	7.058722e-01	-2.018656e+00
2.135312231520150e-03	2.124466e+00	6.926568e+00	1.344289e+00	7.514070e-01	-2.147698e+00
2.150658213663007e-03	2.185420e+00	6.739548e+00	1.403192e+00	8.123612e-01	-2.318713e+00
2.166004195805863e-03	2.237844e+00	6.577782e+00	1.453858e+00	8.647855e-01	-2.463820e+00
2.181350177948720e-03	2.281739e+00	6.441269e+00	1.496287e+00	9.086799e-01	-2.583018e+00
2.196696160091577e-03	2.317103e+00	6.330009e+00	1.530478e+00	9.440443e-01	-2.676307e+00
2.212042142234434e-03	2.343938e+00	6.244003e+00	1.556433e+00	9.708789e-01	-2.743688e+00
2.227388124377291e-03	2.362242e+00	6.183250e+00	1.574151e+00	9.891835e-01	-2.785160e+00
2.242734106520147e-03	2.372017e+00	6.147750e+00	1.583632e+00	9.989581e-01	-2.800724e+00
2.258777633305861e-03	2.370881e+00	6.144679e+00	1.582513e+00	9.978225e-01	-2.782917e+00
2.274821160091575e-03	2.360174e+00	6.170426e+00	1.572144e+00	9.871154e-01	-2.737042e+00
2.290864686877289e-03	2.339895e+00	6.224992e+00	1.552524e+00	9.668366e-01	-2.663097e+00
2.306908213663003e-03	2.310045e+00	6.308377e+00	1.523655e+00	9.369863e-01	-2.561083e+00
2.322951740448717e-03	2.270623e+00	6.420581e+00	1.485535e+00	8.975643e-01	-2.431000e+00
2.338995267234431e-03	2.221629e+00	6.561604e+00	1.438165e+00	8.485707e-01	-2.272848e+00
2.355038794020145e-03	2.163064e+00	6.731445e+00	1.381544e+00	7.900056e-01	-2.086627e+00
2.366199508305859e-03	2.117506e+00	6.864276e+00	1.337520e+00	7.444473e-01	-1.943469e+00
2.377360222591573e-03	2.068929e+00	7.006237e+00	1.290633e+00	6.958705e-01	-1.792035e+00
2.388520936877287e-03	2.017334e+00	7.157328e+00	1.240885e+00	6.442753e-01	-1.632325e+00
2.399681651163001e-03	1.962720e+00	7.317551e+00	1.188276e+00	5.896616e-01	-1.464340e+00
2.410842365448715e-03	1.905088e+00	7.486903e+00	1.132804e+00	5.320294e-01	-1.288079e+00
2.422003079734429e-03	1.844437e+00	7.665387e+00	1.074472e+00	4.713787e-01	-1.103542e+00
2.433163794020143e-03	1.780768e+00	7.853001e+00	1.013277e+00	4.077096e-01	-9.107298e-01
2.439441695805857e-03	1.744296e+00	7.960508e+00	9.782694e-01	3.712375e-01	-8.007762e-01
2.445719597591572e-03	1.707392e+00	8.069276e+00	9.428891e-01	3.343333e-01	-6.898838e-01
2.451997499377286e-03	1.670056e+00	8.179304e+00	9.071362e-01	2.969972e-01	-5.780525e-01
2.458275401163000e-03	1.632288e+00	8.290593e+00	8.710107e-01	2.592290e-01	-4.652823e-01
2.464553302948714e-03	1.594088e+00	8.403142e+00	8.345126e-01	2.210288e-01	-3.515732e-01
2.470831204734428e-03	1.555455e+00	8.516952e+00	7.976418e-01	1.823966e-01	-2.369252e-01
2.477109106520142e-03	1.516391e+00	8.632023e+00	7.603984e-01	1.433324e-01	-1.213384e-01
2.491757544020142e-03	1.424824e+00	8.901358e+00	6.733677e-01	5.176573e-02	1.479079e-01
2.496640356520142e-03	1.394166e+00	8.991404e+00	6.443141e-01	2.110769e-02	2.375267e-01
2.501523169020142e-03	1.363489e+00	9.081422e+00	6.152909e-01	-9.570207e-03	3.269194e-01
2.506405981520142e-03	1.332820e+00	9.171313e+00	5.863301e-01	-4.023910e-02	4.159877e-01
2.511288794020142e-03	1.302189e+00	9.260978e+00	5.574640e-01	-7.087012e-02	5.046322e-01
2.521054419020142e-03	1.241155e+00	9.439219e+00	5.001472e-01	-1.319033e-01	6.802453e-01
2.530820044020141e-03	1.180619e+00	9.615306e+00	4.436091e-01	-1.924400e-01	8.529342e-01
2.545468481520141e-03	1.091242e+00	9.873481e+00	3.608788e-01	-2.818166e-01	1.104596e+00
2.560116919020141e-03	1.004251e+00	1.012164e+01	2.815579e-01	-3.688075e-01	1.344610e+00
2.569882544020140e-03	9.479473e-01	1.027972e+01	2.311493e-01	-4.251114e-01	1.496386e+00
2.579648169020140e-03	8.932434e-01	1.043036e+01	1.832098e-01	-4.798153e-01	1.640077e+00
2.584530981520140e-03	8.665560e-01	1.050239e+01	1.603312e-01	-5.065027e-01	1.708387e+00
2.589413794020140e-03	8.403454e-01	1.057186e+01	1.382906e-01	-5.327133e-01	1.774001e+00
2.594296606520140e-03	8.146361e-01	1.063846e+01	1.171926e-01	-5.584226e-01	1.836600e+00
2.599179419020140e-03	7.894524e-01	1.070178e+01	9.716748e-02	-5.836063e-01	1.895786e+00
2.604062231520140e-03	7.648180e-01	1.076131e+01	7.838122e-02	-6.082407e-01	1.951048e+00
2.608945044020140e-03	7.407560e-01	1.081637e+01	6.104886e-02	-6.323027e-01	2.001727e+00
2.613827856520140e-03	7.172891e-01	1.086609e+01	4.544868e-02	-6.557696e-01	2.046969e+00
2.618710669020139e-03	6.944395e-01	1.090941e+01	3.192725e-02	-6.786193e-01	2.085708e+00
2.623593481520139e-03	6.722285e-01	1.094504e+01	2.089679e-02	-7.008303e-01	2.116677e+00
2.628476294020139e-03	6.506771e-01	1.097226e+01	1.258709e-02	-7.223817e-01	2.139177e+00
2.633359106520139e-03	6.298056e-01	1.099107e+01	6.995223e-03	-7.432532e-01	2.153229e+00
2.638241919020139e-03	6.096336e-01	1.100291e+01	3.655440e-03	-7.634252e-01	2.160289e+00
2.643124731520139e-03	5.901800e-01	1.101000e+01	1.847611e-03	-7.828786e-01	2.162595e+00
2.648007544020139e-03	5.714634e-01	1.101435e+01	9.282252e-04	-8.015953e-01	2.162148e+00
2.652890356520139e-03	5.535011e-01	1.101726e+01	4.706040e-04	-8.195575e-01	2.160271e+00
2.657773169020139e-03	5.363103e-01	1.101946e+01	2.430774e-04	-8.367485e-01	2.157686e+00
2.662655981520138e-03	5.199069e-01	1.102131e+01	1.283689e-04	-8.531519e-01	2.154754e+00
2.667538794020138e-03	5.043064e-01	1.102298e+01	6.942140e-05	-8.687522e-01	2.151655e+00
2.672421606520138e-03	4.895237e-01	1.102457e+01	3.833746e-05	-8.835350e-01	2.148474e+00
2.677304419020138e-03	4.755724e-01	1.102610e+01	2.161444e-05	-8.974863e-01	2.145254e+00
2.682187231520138e-03	4.624659e-01	1.102762e+01	1.232329e-05	-9.105928e-01	2.142015e+00
2.687070044020138e-03	4.502164e-01	1.102911e+01	7.120041e-06	-9.228423e-01	2.138769e+00
2.691952856520138e-03	4.388354e-01	1.103060e+01	4.071309e-06	-9.342234e-01	2.135521e+00
2.696835669020138e-03	4.283337e-01	1.103209e+01	2.336747e-06	-9.447250e-01	2.132274e+00
2.701718481520138e-03	4.187211e-01	1.103356e+01	1.264635e-06	-9.543377e-01	2.129030e+00
2.706601294020138e-03	4.100067e-01	1.103504e+01	6.848419e-07	-9.630520e-01	2.125789e+00
2.711484106520137e-03	4.021987e-01	1.103651e+01	3.044435e-07	-9.708600e-01	2.122552e+00
2.716366919020137e-03	3.953044e-01	1.103798e+01	1.492697e-07	-9.777543e-01	2.119320e+00
2.721249731520137e-03	3.893304e-01	1.103945e+01	3.631806e-08	-9.837283e-01	2.116092e+00
2.726132544020137e-03	3.842822e-01	1.104091e+01	5.399186e-08	-9.887765e-01	2.112869e+00
2.731015356520137e-03	3.801646e-01	1.104237e+01	5.623749e-08	-9.928941e-01	2.109651e+00
2.735898169020137e-03	3.769815e-01	1.104383e+01	1.533112e-07	-9.960772e-01	2.106438e+00
2.740780981520137e-03	3.747359e-01	1.104529e+01	2.129794e-07	-9.983228e-01	2.103229e+00
2.745663794020137e-03	3.734298e-01	1.104674e+01	3.540399e-07	-9.996289e-01	2.100026e+00
2.750546606520137e-03	3.730646e-01	1.104819e+01	4.504002e-07	-9.999941e-01	2.096827e+00
2.755429419020137e-03	3.736405e-01	1.104964e+01	6.250892e-07	-9.994182e-01	2.093633e+00
2.760312231520136e-03	3.751571e-01	1.105109e+01	7.560037e-07	-9.979016e-01	2.090443e+00
2.765195044020136e-03	3.776128e-01	1.105254e+01	9.698473e-07	-9.954459e-01	2.087259e+00
2.770077856520136e-03	3.810054e-01	1.105398e+01	1.149387e-06	-9.920533e-01	2.084079e+00
2.774960669020136e-03	3.853317e-01	1.105542e+01	1.427546e-06	-9.877270e-01	2.080904e+00
2.779843481520136e-03	3.905877e-01	1.105686e+01	1.696887e-06	-9.824710e-01	2.077734e+00
2.784726294020136e-03	3.967682e-01	1.105829e+01	2.105235e-06	-9.762905e-01	2.074568e+00
2.789609106520136e-03	4.038677e-01	1.105973e+01	2.569989e-06	-9.691910e-01	2.071407e+00
2.794491919020136e-03	4.118793e-01	1.106116e+01	3.280080e-06	-9.611794e-01	2.068250e+00
2.799374731520136e-03	4.207955e-01	1.106259e+01	4.224066e-06	-9.522632e-01	2.065097e+00
2.804257544020135e-03	4.306080e-01	1.106401e+01	5.715347e-06	-9.424508e-01	2.061947e+00
2.809140356520135e-03	4.413075e-01	1.106543e+01	7.966736e-06	-9.317513e-01	2.058800e+00
2.814023169020135e-03	4.528838e-01	1.106684e+01	1.170309e-05	-9.201748e-01	2.055653e+00
2.818905981520135e-03	4.653263e-01	1.106824e+01	1.791094e-05	-9.077324e-01	2.052503e+00
2.823788794020135e-03	4.786231e-01	1.106963e+01	2.880080e-05	-8.944356e-01	2.049343e+00
2.828671606520135e-03	4.927616e-01	1.107099e+01	4.827646e-05	-8.802971e-01	2.046161e+00
2.833554419020135e-03	5.077287e-01	1.107229e+01	8.439361e-05	-8.653300e-01	2.042933e+00
2.838437231520135e-03	5.235102e-01	1.107349e+01	1.529870e-04	-8.495485e-01	2.039609e+00
2.843320044020135e-03	5.400913e-01	1.107449e+01	2.867924e-04	-8.329675e-01	2.036089e+00
2.848202856520135e-03	5.574563e-01	1.107507e+01	5.528932e-04	-8.156024e-01	2.032164e+00
2.853085669020134e-03	5.755889e-01	1.107482e+01	1.088693e-03	-7.974698e-01	2.027410e+00
2.857968481520134e-03	5.944721e-01	1.107289e+01	2.163017e-03	-7.785866e-01	2.020996e+00
2.862851294020134e-03	6.140881e-01	1.106782e+01	4.250618e-03	-7.589706e-01	2.011455e+00
2.867734106520134e-03	6.344184e-01	1.105749e+01	8.031861e-03	-7.386403e-01	1.996686e+00
2.872616919020134e-03	6.554438e-01	1.103971e+01	1.421232e-02	-7.176149e-01	1.974511e+00
2.877499731520134e-03	6.771447e-01	1.101338e+01	2.315000e-02	-6.959140e-01	1.943835e+00
2.882382544020134e-03	6.995006e-01	1.097866e+01	3.478749e-02	-6.735582e-01	1.904848e+00
2.887265356520134e-03	7.224903e-01	1.093667e+01	4.876263e-02	-6.505684e-01	1.858685e+00
2.892148169020134e-03	7.460924e-01	1.088831e+01	6.478331e-02	-6.269664e-01	1.806262e+00
2.897030981520133e-03	7.702845e-01	1.083474e+01	8.247243e-02	-6.027742e-01	1.748755e+00
2.901913794020133e-03	7.950439e-01	1.077680e+01	1.015583e-01	-5.780148e-01	1.687014e+00
2.906796606520133e-03	8.203474e-01	1.071513e+01	1.218401e-01	-5.527114e-01	1.621668e+00
2.911679419020133e-03	8.461710e-01	1.065018e+01	1.431617e-01	-5.268877e-01	1.553204e+00
2.916562231520133e-03	8.724905e-01	1.058235e+01	1.654000e-01	-5.005682e-01	1.482010e+00
2.921445044020133e-03	8.992812e-01	1.051194e+01	1.884551e-01	-4.737775e-01	1.408399e+00
2.931210669020133e-03	9.541746e-01	1.036438e+01	2.366974e-01	-4.188842e-01	1.254926e+00
2.940976294020133e-03	1.010645e+00	1.020912e+01	2.873556e-01	-3.624142e-01	1.094463e+00
2.955624731520132e-03	1.097839e+00	9.964604e+00	3.669711e-01	-2.752195e-01	8.434985e-01
2.970273169020132e-03	1.187364e+00	9.709286e+00	4.499150e-01	-1.856951e-01	5.834320e-01
2.980038794020132e-03	1.247967e+00	9.534630e+00	5.065548e-01	-1.250914e-01	4.065816e-01
2.989804419020132e-03	1.309042e+00	9.357430e+00	5.639427e-01	-6.401692e-02	2.279751e-01
2.994687231520131e-03	1.339684e+00	9.268136e+00	5.928332e-01	-3.337491e-02	1.382748e-01
2.999570044020131e-03	1.370357e+00	9.178514e+00	6.218112e-01	-2.701490e-03	4.844532e-02
3.004452856520131e-03	1.401033e+00	9.088663e+00	6.508441e-01	2.797447e-02	-4.141288e-02
3.014218481520131e-03	1.462277e+00	8.908669e+00	7.089489e-01	8.921856e-02	-2.208250e-01
3.021891472591559e-03	1.510445e+00	8.766505e+00	7.547890e-01	1.373867e-01	-3.619613e-01
3.029564463662988e-03	1.558022e+00	8.625752e+00	8.001285e-01	1.849632e-01	-5.012122e-01
3.037237454734416e-03	1.605007e+00	8.486412e+00	8.449674e-01	2.319482e-01	-6.385780e-01
3.044910445805845e-03	1.651400e+00	8.348484e+00	8.893056e-01	2.783415e-01	-7.740585e-01
3.052583436877273e-03	1.697202e+00	8.211969e+00	9.331433e-01	3.241432e-01	-9.076537e-01
3.060256427948702e-03	1.742412e+00	8.076866e+00	9.764803e-01	3.693534e-01	-1.039364e+00
3.067929419020130e-03	1.787031e+00	7.943175e+00	1.019317e+00	4.139719e-01	-1.169188e+00
3.079090133305844e-03	1.850483e+00	7.752530e+00	1.080310e+00	4.774245e-01	-1.353331e+00
3.090250847591558e-03	1.910891e+00	7.570585e+00	1.138415e+00	5.378322e-01	-1.527982e+00
3.101411561877272e-03	1.968254e+00	7.397338e+00	1.193632e+00	5.951950e-01	-1.693142e+00
3.112572276162986e-03	2.022572e+00	7.232790e+00	1.245960e+00	6.495131e-01	-1.848810e+00
3.123732990448700e-03	2.073845e+00	7.076941e+00	1.295400e+00	7.007863e-01	-1.994988e+00
3.134893704734414e-03	2.122073e+00	6.929791e+00	1.341952e+00	7.490147e-01	-2.131675e+00
3.146054419020128e-03	2.167257e+00	6.791340e+00	1.385615e+00	7.941982e-01	-2.258871e+00
3.163493035091556e-03	2.229964e+00	6.597994e+00	1.446243e+00	8.569050e-01	-2.432963e+00
3.180931651162985e-03	2.281260e+00	6.438556e+00	1.495840e+00	9.082012e-01	-2.572580e+00
3.198370267234413e-03	2.321145e+00	6.313027e+00	1.534406e+00	9.480867e-01	-2.677724e+00
3.215808883305841e-03	2.349620e+00	6.221406e+00	1.561942e+00	9.765616e-01	-2.748394e+00
3.233247499377269e-03	2.366685e+00	6.163695e+00	1.578447e+00	9.936259e-01	-2.784590e+00
3.250686115448698e-03	2.372338e+00	6.139891e+00	1.583922e+00	9.992796e-01	-2.786312e+00
3.268124731520126e-03	2.366581e+00	6.149997e+00	1.578366e+00	9.935226e-01	-2.753560e+00
3.282773169020125e-03	2.351188e+00	6.190306e+00	1.563443e+00	9.781293e-01	-2.694740e+00
3.297421606520125e-03	2.328192e+00	6.253554e+00	1.541184e+00	9.551331e-01	-2.613819e+00
3.312070044020125e-03	2.297593e+00	6.339742e+00	1.511588e+00	9.245339e-01	-2.510797e+00
3.326718481520124e-03	2.259390e+00	6.448868e+00	1.474656e+00	8.863317e-01	-2.385675e+00
3.341366919020124e-03	2.213585e+00	6.580933e+00	1.430387e+00	8.405265e-01	-2.238453e+00
3.356015356520124e-03	2.160177e+00	6.735937e+00	1.378782e+00	7.871184e-01	-2.069130e+00
3.370663794020123e-03	2.099166e+00	6.913880e+00	1.319840e+00	7.261072e-01	-1.877706e+00
3.381126963662980e-03	2.051848e+00	7.052384e+00	1.274155e+00	6.787889e-01	-1.730546e+00
3.391590133305837e-03	2.002164e+00	7.198033e+00	1.226245e+00	6.291048e-01	-1.577035e+00
3.402053302948694e-03	1.950114e+00	7.350826e+00	1.176109e+00	5.770549e-01	-1.417172e+00
3.412516472591551e-03	1.895698e+00	7.510764e+00	1.123747e+00	5.226393e-01	-1.250956e+00
3.422979642234408e-03	1.838917e+00	7.677846e+00	1.069161e+00	4.658578e-01	-1.078389e+00
3.433442811877265e-03	1.779769e+00	7.852073e+00	1.012349e+00	4.067105e-01	-8.994693e-01
3.443905981520122e-03	1.718256e+00	8.033444e+00	9.533113e-01	3.451974e-01	-7.141977e-01
3.448788794020122e-03	1.689235e+00	8.119006e+00	9.254987e-01	3.161760e-01	-6.271460e-01
3.453671606520122e-03	1.659985e+00	8.205225e+00	8.974951e-01	2.869265e-01	-5.396336e-01
3.458554419020122e-03	1.630508e+00	8.292101e+00	8.693006e-01	2.574489e-01	-4.516607e-01
3.463437231520121e-03	1.600802e+00	8.379633e+00	8.409150e-01	2.277431e-01	-3.632272e-01
3.468320044020121e-03	1.570868e+00	8.467823e+00	8.123385e-01	1.978092e-01	-2.743331e-01
3.473202856520121e-03	1.540706e+00	8.556669e+00	7.835709e-01	1.676472e-01	-1.849784e-01
3.478085669020121e-03	1.510316e+00	8.646172e+00	7.546124e-01	1.372571e-01	-9.516312e-02
3.482968481520121e-03	1.479867e+00	8.735785e+00	7.256398e-01	1.068081e-01	-5.437604e-03
3.492734106520121e-03	1.418696e+00	8.915646e+00	6.675550e-01	4.563710e-02	1.740486e-01
3.497616919020121e-03	1.388031e+00	9.005699e+00	6.385050e-01	1.497278e-02	2.636174e-01
3.502499731520121e-03	1.357353e+00	9.095706e+00	6.094918e-01	-1.570563e-02	3.529406e-01
3.507382544020120e-03	1.326689e+00	9.185566e+00	5.805473e-01	-4.636926e-02	4.419196e-01
3.517148169020120e-03	1.265522e+00	9.364442e+00	5.229948e-01	-1.075368e-01	6.184450e-01
3.526913794020120e-03	1.204759e+00	9.541505e+00	4.661123e-01	-1.682995e-01	7.923795e-01
3.536679419020120e-03	1.144630e+00	9.715897e+00	4.101750e-01	-2.284289e-01	9.628801e-01
3.551327856520120e-03	1.056118e+00	9.970489e+00	3.286788e-01	-3.169410e-01	1.210242e+00
3.561093481520119e-03	9.985548e-01	1.013410e+01	2.764180e-01	-3.745039e-01	1.368142e+00
3.570859106520119e-03	9.424015e-01	1.029151e+01	2.262355e-01	-4.306573e-01	1.519148e+00
3.580624731520119e-03	8.878690e-01	1.044134e+01	1.785706e-01	-4.851897e-01	1.661922e+00
3.585507544020119e-03	8.612750e-01	1.051288e+01	1.558523e-01	-5.117837e-01	1.729703e+00
3.590390356520119e-03	8.351626e-01	1.058181e+01	1.339911e-01	-5.378960e-01	1.794730e+00
3.595273169020119e-03	8.095566e-01	1.064780e+01	1.130963e-01	-5.635021e-01	1.856669e+00
3.600155981520119e-03	7.844809e-01	1.071041e+01	9.330437e-02	-5.885779e-01	1.915102e+00
3.605038794020118e-03	7.599591e-01	1.076911e+01	7.478989e-02	-6.130996e-01	1.969494e+00
3.609921606520118e-03	7.360143e-01	1.082318e+01	5.777952e-02	-6.370444e-01	2.019149e+00
3.614804419020118e-03	7.126691e-01	1.087173e+01	4.256542e-02	-6.603896e-01	2.063169e+00
3.619687231520118e-03	6.899455e-01	1.091363e+01	2.950592e-02	-6.831132e-01	2.100453e+00
3.624570044020118e-03	6.678647e-01	1.094761e+01	1.900977e-02	-7.051939e-01	2.129746e+00
3.629452856520118e-03	6.464477e-01	1.097310e+01	1.125978e-02	-7.266110e-01	2.150494e+00
3.634335669020118e-03	6.257145e-01	1.099036e+01	6.168503e-03	-7.473441e-01	2.162980e+00
3.639218481520118e-03	6.056848e-01	1.100108e+01	3.194777e-03	-7.673739e-01	2.168891e+00
3.644101294020118e-03	5.863772e-01	1.100749e+01	1.609836e-03	-7.866815e-01	2.170494e+00
3.648984106520117e-03	5.678101e-01	1.101147e+01	8.093955e-04	-8.052487e-01	2.169667e+00
3.653866919020117e-03	5.500007e-01	1.101420e+01	4.116365e-04	-8.230579e-01	2.167593e+00
3.658749731520117e-03	5.329661e-01	1.101632e+01	2.135555e-04	-8.400927e-01	2.164905e+00
3.663632544020117e-03	5.167221e-01	1.101813e+01	1.132845e-04	-8.563367e-01	2.161918e+00
3.668515356520117e-03	5.012840e-01	1.101978e+01	6.156365e-05	-8.717747e-01	2.158786e+00
3.673398169020117e-03	4.866665e-01	1.102136e+01	3.411615e-05	-8.863922e-01	2.155583e+00
3.678280981520117e-03	4.728832e-01	1.102290e+01	1.931870e-05	-9.001756e-01	2.152346e+00
3.683163794020117e-03	4.599470e-01	1.102441e+01	1.101718e-05	-9.131117e-01	2.149093e+00
3.688046606520117e-03	4.478703e-01	1.102591e+01	6.390201e-06	-9.251884e-01	2.145834e+00
3.692929419020117e-03	4.366644e-01	1.102740e+01	3.627673e-06	-9.363943e-01	2.142575e+00
3.697812231520116e-03	4.263397e-01	1.102889e+01	2.093993e-06	-9.467190e-01	2.139316e+00
3.702695044020116e-03	4.169061e-01	1.103037e+01	1.103094e-06	-9.561526e-01	2.136061e+00
3.707577856520116e-03	4.083723e-01	1.103185e+01	6.095268e-07	-9.646864e-01	2.132809e+00
3.712460669020116e-03	4.007465e-01	1.103333e+01	2.448188e-07	-9.723122e-01	2.129562e+00
3.717343481520116e-03	3.940358e-01	1.103480e+01	1.375089e-07	-9.790229e-01	2.126319e+00
3.722226294020116e-03	3.882465e-01	1.103627e+01	1.740732e-08	-9.848122e-01	2.123080e+00
3.727109106520116e-03	3.833841e-01	1.103774e+01	6.900746e-08	-9.896746e-01	2.119847e+00
3.731991919020116e-03	3.794531e-01	1.103921e+01	5.556803e-08	-9.936056e-01	2.116618e+00
3.736874731520116e-03	3.764573e-01	1.104067e+01	1.812218e-07	-9.966014e-01	2.113394e+00
3.741757544020115e-03	3.743995e-01	1.104213e+01	2.219839e-07	-9.986593e-01	2.110175e+00
3.746640356520115e-03	3.732815e-01	1.104359e+01	3.896981e-07	-9.997772e-01	2.106961e+00
3.751523169020115e-03	3.731045e-01	1.104505e+01	4.662695e-07	-9.999542e-01	2.103751e+00
3.756405981520115e-03	3.738686e-01	1.104650e+01	6.674465e-07	-9.991901e-01	2.100546e+00
3.761288794020115e-03	3.755732e-01	1.104796e+01	7.792204e-07	-9.974856e-01	2.097347e+00
3.766171606520115e-03	3.782165e-01	1.104941e+01	1.020977e-06	-9.948422e-01	2.094151e+00
3.771054419020115e-03	3.817961e-01	1.105085e+01	1.183976e-06	-9.912626e-01	2.090961e+00
3.775937231520115e-03	3.863087e-01	1.105230e+01	1.494188e-06	-9.867500e-01	2.087776e+00
3.780820044020115e-03	3.917500e-01	1.105374e+01	1.753676e-06	-9.813088e-01	2.084595e+00
3.785702856520115e-03	3.981148e-01	1.105518e+01	2.204686e-06	-9.749439e-01	2.081419e+00
3.790585669020114e-03	4.053973e-01	1.105662e+01	2.676886e-06	-9.676614e-01	2.078247e+00
3.795468481520114e-03	4.135904e-01	1.105806e+01	3.458119e-06	-9.594683e-01	2.075080e+00
3.800351294020114e-03	4.226866e-01	1.105949e+01	4.457675e-06	-9.503721e-01	2.071916e+00
3.805234106520114e-03	4.326772e-01	1.106092e+01	6.102973e-06	-9.403815e-01	2.068755e+00
3.810116919020114e-03	4.435529e-01	1.106234e+01	8.556241e-06	-9.295058e-01	2.065597e+00
3.814999731520114e-03	4.553034e-01	1.106376e+01	1.271069e-05	-9.177553e-01	2.062438e+00
3.819882544020114e-03	4.679177e-01	1.106516e+01	1.960875e-05	-9.051411e-01	2.059275e+00
3.824765356520114e-03	4.813838e-01	1.106655e+01	3.184074e-05	-8.916749e-01	2.056101e+00
3.829648169020114e-03	4.956892e-01	1.106790e+01	5.379622e-05	-8.773695e-01	2.052902e+00
3.834530981520114e-03	5.108203e-01	1.106920e+01	9.479755e-05	-8.622384e-01	2.049648e+00
3.839413794020113e-03	5.267630e-01	1.107037e+01	1.730203e-04	-8.462958e-01	2.046284e+00
3.844296606520113e-03	5.435021e-01	1.107131e+01	3.263531e-04	-8.295566e-01	2.042693e+00
3.849179419020113e-03	5.610219e-01	1.107178e+01	6.322209e-04	-8.120368e-01	2.038635e+00
3.854062231520113e-03	5.793061e-01	1.107128e+01	1.248636e-03	-7.937526e-01	2.033622e+00
3.858945044020113e-03	5.983373e-01	1.106887e+01	2.480027e-03	-7.747214e-01	2.026712e+00
3.863827856520113e-03	6.180976e-01	1.106293e+01	4.847357e-03	-7.549611e-01	2.016297e+00
3.868710669020113e-03	6.385685e-01	1.105128e+01	9.055148e-03	-7.344902e-01	2.000199e+00
3.873593481520113e-03	6.597306e-01	1.103184e+01	1.577489e-02	-7.133281e-01	1.976350e+00
3.878476294020113e-03	6.815642e-01	1.100378e+01	2.526927e-02	-6.914946e-01	1.943948e+00
3.883359106520112e-03	7.040485e-01	1.096750e+01	3.741198e-02	-6.690103e-01	1.903397e+00
3.888241919020112e-03	7.271624e-01	1.092417e+01	5.181865e-02	-6.458963e-01	1.855901e+00
3.893124731520112e-03	7.508843e-01	1.087470e+01	6.819684e-02	-6.221744e-01	1.802375e+00
3.898007544020112e-03	7.751917e-01	1.082020e+01	8.618439e-02	-5.978670e-01	1.743951e+00
3.902890356520112e-03	8.000618e-01	1.076148e+01	1.055239e-01	-5.729969e-01	1.681432e+00
3.907773169020112e-03	8.254713e-01	1.069912e+01	1.260249e-01	-5.475875e-01	1.615416e+00
3.912655981520112e-03	8.513960e-01	1.063357e+01	1.475388e-01	-5.216627e-01	1.546367e+00
3.917538794020112e-03	8.778118e-01	1.056521e+01	1.699478e-01	-4.952469e-01	1.474656e+00
3.927304419020112e-03	9.320163e-01	1.042116e+01	2.170833e-01	-4.410424e-01	1.324400e+00
3.937070044020111e-03	9.878808e-01	1.026882e+01	2.668304e-01	-3.851779e-01	1.166537e+00
3.951718481520111e-03	1.074329e+00	1.002778e+01	3.453694e-01	-2.987301e-01	9.185605e-01
3.966366919020111e-03	1.163305e+00	9.775037e+00	4.275297e-01	-2.097535e-01	6.605625e-01
3.976132544020110e-03	1.223657e+00	9.601647e+00	4.837931e-01	-1.494022e-01	4.846342e-01
3.985898169020110e-03	1.284570e+00	9.425374e+00	5.409144e-01	-8.848853e-02	3.066069e-01
3.990780981520110e-03	1.315166e+00	9.336419e+00	5.697114e-01	-5.789242e-02	2.170720e-01
3.995663794020110e-03	1.345817e+00	9.247056e+00	5.986220e-01	-2.724181e-02	1.273272e-01
4.000546606520110e-03	1.376493e+00	9.157385e+00	6.276135e-01	3.434423e-03	3.747347e-02
4.005429419020110e-03	1.407166e+00	9.067506e+00	6.566537e-01	3.410743e-02	-5.238955e-02
4.015195044020110e-03	1.468387e+00	8.887512e+00	7.147540e-01	9.532830e-02	-2.317526e-01
4.022868035091538e-03	1.516520e+00	8.745404e+00	7.605726e-01	1.434616e-01	-3.727943e-01
4.030541026162966e-03	1.564048e+00	8.604752e+00	8.058762e-01	1.909896e-01	-5.119072e-01
4.038214017234395e-03	1.610971e+00	8.465557e+00	8.506650e-01	2.379123e-01	-6.490912e-01
4.045887008305824e-03	1.657288e+00	8.327818e+00	8.949389e-01	2.842296e-01	-7.843463e-01
4.053559999377252e-03	1.703000e+00	8.191537e+00	9.386979e-01	3.299416e-01	-9.176726e-01
4.061232990448680e-03	1.748107e+00	8.056712e+00	9.819420e-01	3.750483e-01	-1.049070e+00
4.068905981520109e-03	1.792608e+00	7.923344e+00	1.024671e+00	4.195496e-01	-1.178539e+00
4.080066695805823e-03	1.855865e+00	7.733249e+00	1.085483e+00	4.828061e-01	-1.362084e+00
4.091227410091536e-03	1.916053e+00	7.551927e+00	1.143382e+00	5.429943e-01	-1.536069e+00
4.102388124377251e-03	1.973173e+00	7.379377e+00	1.198370e+00	6.001143e-01	-1.700493e+00
4.113548838662964e-03	2.027225e+00	7.215601e+00	1.250446e+00	6.541660e-01	-1.855356e+00
4.124709552948679e-03	2.078208e+00	7.060597e+00	1.299610e+00	7.051495e-01	-2.000658e+00
4.135870267234392e-03	2.126123e+00	6.914367e+00	1.345862e+00	7.530648e-01	-2.136399e+00
4.147030981520107e-03	2.170970e+00	6.776909e+00	1.389201e+00	7.979118e-01	-2.262579e+00
4.164469597591535e-03	2.233102e+00	6.585270e+00	1.449275e+00	8.600432e-01	-2.434940e+00
4.181908213662963e-03	2.283804e+00	6.427602e+00	1.498299e+00	9.107448e-01	-2.572779e+00
4.199346829734391e-03	2.323075e+00	6.303906e+00	1.536273e+00	9.500167e-01	-2.676096e+00
4.216785445805820e-03	2.350917e+00	6.214182e+00	1.563197e+00	9.778588e-01	-2.744890e+00
4.234224061877248e-03	2.367330e+00	6.158430e+00	1.579072e+00	9.942712e-01	-2.779163e+00
4.251662677948676e-03	2.372312e+00	6.136649e+00	1.583897e+00	9.992538e-01	-2.778913e+00
4.269101294020104e-03	2.365865e+00	6.148840e+00	1.577672e+00	9.928066e-01	-2.744141e+00
4.283749731520104e-03	2.349904e+00	6.190871e+00	1.562199e+00	9.768453e-01	-2.683669e+00
4.298398169020104e-03	2.326362e+00	6.255775e+00	1.539411e+00	9.533030e-01	-2.601171e+00
4.313046606520103e-03	2.295238e+00	6.343555e+00	1.509309e+00	9.221795e-01	-2.496645e+00
4.327695044020103e-03	2.256534e+00	6.454210e+00	1.471892e+00	8.834749e-01	-2.370093e+00
4.342343481520103e-03	2.210248e+00	6.587740e+00	1.427161e+00	8.371893e-01	-2.221513e+00
4.356991919020102e-03	2.156381e+00	6.744144e+00	1.375115e+00	7.833225e-01	-2.050907e+00
4.371640356520102e-03	2.094933e+00	6.923423e+00	1.315754e+00	7.218747e-01	-1.858273e+00
4.382103526162959e-03	2.047330e+00	7.062801e+00	1.269796e+00	6.742712e-01	-1.710335e+00
4.392566695805816e-03	1.997383e+00	7.209255e+00	1.221635e+00	6.243240e-01	-1.556115e+00
4.403029865448673e-03	1.945092e+00	7.362786e+00	1.171271e+00	5.720331e-01	-1.395614e+00
4.413493035091530e-03	1.890457e+00	7.523394e+00	1.118704e+00	5.173984e-01	-1.228832e+00
4.423956204734386e-03	1.833479e+00	7.691078e+00	1.063934e+00	4.604201e-01	-1.055769e+00
4.434419374377244e-03	1.774157e+00	7.865839e+00	1.006961e+00	4.010980e-01	-8.764241e-01
4.444882544020100e-03	1.712491e+00	8.047676e+00	9.477849e-01	3.394322e-01	-6.907980e-01
4.449765356520100e-03	1.683408e+00	8.133426e+00	9.199173e-01	3.103490e-01	-6.036109e-01
4.454648169020100e-03	1.654102e+00	8.219814e+00	8.918645e-01	2.810432e-01	-5.159814e-01
4.459530981520100e-03	1.624574e+00	8.306841e+00	8.636265e-01	2.515150e-01	-4.279095e-01
4.464413794020100e-03	1.594823e+00	8.394507e+00	8.352034e-01	2.217642e-01	-3.393951e-01
4.469296606520100e-03	1.564850e+00	8.482812e+00	8.065952e-01	1.917909e-01	-2.504383e-01
4.474179419020100e-03	1.534654e+00	8.571756e+00	7.778017e-01	1.615951e-01	-1.610391e-01
4.479062231520100e-03	1.504235e+00	8.661338e+00	7.488231e-01	1.311767e-01	-7.119738e-02
4.488827856520100e-03	1.443198e+00	8.840910e+00	6.907997e-01	7.013901e-02	1.082923e-01
4.493710669020099e-03	1.412565e+00	8.930935e+00	6.617429e-01	3.950675e-02	1.979783e-01
4.498593481520099e-03	1.381896e+00	9.020991e+00	6.326977e-01	8.837301e-03	2.874967e-01
4.503476294020099e-03	1.351218e+00	9.110981e+00	6.036956e-01	-2.184046e-02	3.767498e-01
4.508359106520099e-03	1.320561e+00	9.200803e+00	5.747688e-01	-5.249767e-02	4.656389e-01
4.518124731520099e-03	1.259424e+00	9.379544e+00	5.172713e-01	-1.136351e-01	6.419240e-01
4.527890356520099e-03	1.198714e+00	9.556387e+00	4.604708e-01	-1.743447e-01	8.155354e-01
4.537655981520099e-03	1.138660e+00	9.730471e+00	4.046436e-01	-2.343982e-01	9.856266e-01
4.552304419020098e-03	1.050304e+00	9.984424e+00	3.233694e-01	-3.227546e-01	1.232201e+00
4.562070044020098e-03	9.928725e-01	1.014748e+01	2.712991e-01	-3.801862e-01	1.389446e+00
4.571835669020098e-03	9.368718e-01	1.030421e+01	2.213470e-01	-4.361869e-01	1.539677e+00
4.581601294020098e-03	8.825129e-01	1.045319e+01	1.739624e-01	-4.905459e-01	1.681522e+00
4.586484106520097e-03	8.560132e-01	1.052424e+01	1.514077e-01	-5.170455e-01	1.748767e+00
4.591366919020097e-03	8.300002e-01	1.059262e+01	1.297304e-01	-5.430585e-01	1.813196e+00
4.596249731520097e-03	8.044983e-01	1.065797e+01	1.090442e-01	-5.685605e-01	1.874462e+00
4.601132544020097e-03	7.795314e-01	1.071985e+01	8.949238e-02	-5.935273e-01	1.932126e+00
4.606015356520097e-03	7.551233e-01	1.077769e+01	7.125869e-02	-6.179355e-01	1.985623e+00
4.610898169020097e-03	7.312966e-01	1.083074e+01	5.458198e-02	-6.417621e-01	2.034221e+00
4.615780981520097e-03	7.080740e-01	1.087806e+01	3.976841e-02	-6.649847e-01	2.076978e+00
4.620663794020097e-03	6.854772e-01	1.091849e+01	2.718636e-02	-6.875815e-01	2.112764e+00
4.625546606520097e-03	6.635276e-01	1.095079e+01	1.723496e-02	-7.095311e-01	2.140352e+00
4.630429419020097e-03	6.422458e-01	1.097456e+01	1.004047e-02	-7.308130e-01	2.159364e+00
4.635312231520096e-03	6.216517e-01	1.099035e+01	5.427194e-03	-7.514070e-01	2.170356e+00
4.640195044020096e-03	6.017649e-01	1.100004e+01	2.785981e-03	-7.712938e-01	2.175227e+00
4.645077856520096e-03	5.826040e-01	1.100583e+01	1.402510e-03	-7.904547e-01	2.176196e+00
4.649960669020096e-03	5.641870e-01	1.100950e+01	7.061131e-04	-8.088717e-01	2.175038e+00
4.654843481520096e-03	5.465313e-01	1.101207e+01	3.603641e-04	-8.265274e-01	2.172796e+00
4.659726294020096e-03	5.296535e-01	1.101411e+01	1.877780e-04	-8.434052e-01	2.170021e+00
4.664609106520096e-03	5.135695e-01	1.101588e+01	1.000824e-04	-8.594892e-01	2.166987e+00
4.669491919020096e-03	4.982944e-01	1.101752e+01	5.462702e-05	-8.747643e-01	2.163827e+00
4.674374731520096e-03	4.838426e-01	1.101910e+01	3.039815e-05	-8.892161e-01	2.160607e+00
4.679257544020095e-03	4.702277e-01	1.102063e+01	1.726005e-05	-9.028310e-01	2.157357e+00
4.684140356520095e-03	4.574626e-01	1.102215e+01	9.868270e-06	-9.155961e-01	2.154094e+00
4.689023169020095e-03	4.455591e-01	1.102365e+01	5.718452e-06	-9.274996e-01	2.150826e+00
4.693905981520095e-03	4.345286e-01	1.102514e+01	3.246456e-06	-9.385301e-01	2.147557e+00
4.698788794020095e-03	4.243814e-01	1.102663e+01	1.858020e-06	-9.486773e-01	2.144291e+00
4.703671606520095e-03	4.151271e-01	1.102812e+01	9.754758e-07	-9.579316e-01	2.141028e+00
4.708554419020095e-03	4.067743e-01	1.102960e+01	5.248654e-07	-9.662845e-01	2.137769e+00
4.713437231520095e-03	3.993309e-01	1.103108e+01	2.097169e-07	-9.737278e-01	2.134513e+00
4.718320044020095e-03	3.928040e-01	1.103256e+01	1.108733e-07	-9.802547e-01	2.131263e+00
4.723202856520095e-03	3.871997e-01	1.103403e+01	1.963553e-08	-9.858590e-01	2.128017e+00
4.728085669020094e-03	3.825233e-01	1.103550e+01	6.711453e-08	-9.905354e-01	2.124776e+00
4.732968481520094e-03	3.787791e-01	1.103697e+01	7.473319e-08	-9.942797e-01	2.121539e+00
4.737851294020094e-03	3.759706e-01	1.103844e+01	1.914615e-07	-9.970881e-01	2.118308e+00
4.742734106520094e-03	3.741006e-01	1.103991e+01	2.503235e-07	-9.989581e-01	2.115081e+00
4.747616919020094e-03	3.731708e-01	1.104137e+01	4.074587e-07	-9.998879e-01	2.111860e+00
4.752499731520094e-03	3.731821e-01	1.104283e+01	5.013609e-07	-9.998767e-01	2.108643e+00
4.757382544020094e-03	3.741343e-01	1.104429e+01	6.919949e-07	-9.989244e-01	2.105430e+00
4.762265356520094e-03	3.760268e-01	1.104574e+01	8.218513e-07	-9.970319e-01	2.102223e+00
4.767148169020094e-03	3.788576e-01	1.104720e+01	1.054738e-06	-9.942011e-01	2.099021e+00
4.772030981520094e-03	3.826241e-01	1.104865e+01	1.238639e-06	-9.904346e-01	2.095823e+00
4.776913794020093e-03	3.873228e-01	1.105010e+01	1.544583e-06	-9.857359e-01	2.092630e+00
4.781796606520093e-03	3.929492e-01	1.105154e+01	1.832258e-06	-9.801095e-01	2.089442e+00
4.786679419020093e-03	3.994981e-01	1.105299e+01	2.290734e-06	-9.735606e-01	2.086258e+00
4.791562231520093e-03	4.069633e-01	1.105443e+01	2.810158e-06	-9.660954e-01	2.083079e+00
4.796445044020093e-03	4.153377e-01	1.105587e+01	3.630480e-06	-9.577211e-01	2.079904e+00
4.801327856520093e-03	4.246134e-01	1.105730e+01	4.730769e-06	-9.484453e-01	2.076733e+00
4.806210669020093e-03	4.347819e-01	1.105873e+01	6.507892e-06	-9.382768e-01	2.073564e+00
4.811093481520093e-03	4.458334e-01	1.106016e+01	9.226189e-06	-9.272254e-01	2.070398e+00
4.815976294020093e-03	4.577575e-01	1.106158e+01	1.381060e-05	-9.153012e-01	2.067230e+00
4.820859106520092e-03	4.705431e-01	1.106298e+01	2.152739e-05	-9.025155e-01	2.064058e+00
4.825741919020092e-03	4.841782e-01	1.106437e+01	3.524217e-05	-8.888806e-01	2.060872e+00
4.830624731520092e-03	4.986498e-01	1.106572e+01	6.006431e-05	-8.744089e-01	2.057656e+00
4.835507544020092e-03	5.139444e-01	1.106700e+01	1.066190e-04	-8.591143e-01	2.054378e+00
4.840390356520092e-03	5.300475e-01	1.106814e+01	1.959525e-04	-8.430112e-01	2.050973e+00
4.845273169020092e-03	5.469441e-01	1.106901e+01	3.717580e-04	-8.261146e-01	2.047305e+00
4.850155981520092e-03	5.646182e-01	1.106934e+01	7.235225e-04	-8.084406e-01	2.043097e+00
4.855038794020092e-03	5.830531e-01	1.106856e+01	1.432436e-03	-7.900056e-01	2.037791e+00
4.859921606520092e-03	6.022316e-01	1.106560e+01	2.841790e-03	-7.708271e-01	2.030324e+00
4.864804419020092e-03	6.221355e-01	1.105871e+01	5.517860e-03	-7.509232e-01	2.018948e+00
4.869687231520091e-03	6.427462e-01	1.104566e+01	1.017920e-02	-7.303125e-01	2.001442e+00
4.874570044020091e-03	6.640443e-01	1.102451e+01	1.745021e-02	-7.090144e-01	1.975884e+00
4.879452856520091e-03	6.860096e-01	1.099474e+01	2.749521e-02	-6.870491e-01	1.941778e+00
4.884335669020091e-03	7.086216e-01	1.095693e+01	4.012861e-02	-6.644371e-01	1.899712e+00
4.889218481520091e-03	7.318588e-01	1.091231e+01	5.495167e-02	-6.411998e-01	1.850932e+00
4.894101294020091e-03	7.556996e-01	1.086177e+01	7.167443e-02	-6.173590e-01	1.796348e+00
4.898984106520091e-03	7.801214e-01	1.080638e+01	8.995043e-02	-5.929372e-01	1.737040e+00
4.903866919020091e-03	8.051013e-01	1.074689e+01	1.095360e-01	-5.679573e-01	1.673771e+00
4.908749731520091e-03	8.306158e-01	1.068386e+01	1.302503e-01	-5.424430e-01	1.607107e+00
4.913632544020091e-03	8.566407e-01	1.061773e+01	1.519519e-01	-5.164180e-01	1.537490e+00
4.918515356520090e-03	8.831517e-01	1.054884e+01	1.745277e-01	-4.899070e-01	1.465277e+00
4.928280981520090e-03	9.375315e-01	1.040390e+01	2.219484e-01	-4.355272e-01	1.314169e+00
4.938046606520090e-03	9.935505e-01	1.025082e+01	2.719298e-01	-3.795082e-01	1.155614e+00
4.952695044020090e-03	1.080190e+00	1.000890e+01	3.507459e-01	-2.928688e-01	9.068331e-01
4.967343481520089e-03	1.169309e+00	9.755506e+00	4.331088e-01	-2.037502e-01	6.482649e-01
4.977109106520089e-03	1.229726e+00	9.581796e+00	4.894705e-01	-1.433324e-01	4.720718e-01
4.986874731520089e-03	1.290684e+00	9.405289e+00	5.466625e-01	-8.237505e-02	2.938661e-01
4.991757544020089e-03	1.321293e+00	9.316248e+00	5.754850e-01	-5.176573e-02	2.042732e-01
4.996640356520089e-03	1.351951e+00	9.226818e+00	6.044143e-01	-2.110769e-02	1.144908e-01
5.000000000000000e-03	1.373059e+00	9.165112e+00	6.243644e-01	-1.224647e-15	5.265776e-02
