rl	VPP	VPP/RMS	RMS
1.000000000000000e+01	6.548946e-01	1.468386e+00	4.459963e-01
1.148698354997040e+01	7.424057e-01	1.465332e+00	5.066466e-01
1.319507910772890e+01	8.399409e-01	1.461679e+00	5.746410e-01
1.515716566510400e+01	9.475052e-01	1.456344e+00	6.506054e-01
1.741101126592250e+01	1.065585e+00	1.449492e+00	7.351442e-01
2.000000000000000e+01	1.194216e+00	1.440873e+00	8.288146e-01
2.297396709994070e+01	1.332615e+00	1.429691e+00	9.321004e-01
2.639015821545790e+01	1.480468e+00	1.416202e+00	1.045379e+00
3.031433133020800e+01	1.636047e+00	1.399660e+00	1.168889e+00
3.482202253184500e+01	1.797837e+00	1.380081e+00	1.302704e+00
4.000000000000000e+01	1.963314e+00	1.357091e+00	1.446707e+00
4.594793419988140e+01	2.129592e+00	1.330513e+00	1.600580e+00
5.278031643091580e+01	2.294491e+00	1.300875e+00	1.763805e+00
6.062866266041600e+01	2.452799e+00	1.267143e+00	1.935693e+00
6.964404506369000e+01	2.601064e+00	1.229578e+00	2.115412e+00
8.000000000000010e+01	2.735544e+00	1.188367e+00	2.301935e+00
9.189586839976290e+01	2.851078e+00	1.142965e+00	2.494459e+00
1.055606328618320e+02	2.946930e+00	1.094851e+00	2.691627e+00
1.212573253208320e+02	3.016342e+00	1.042940e+00	2.892151e+00
1.392880901273800e+02	3.058996e+00	9.886090e-01	3.094242e+00
1.600000000000000e+02	3.068568e+00	9.313040e-01	3.294916e+00
1.837917367995260e+02	2.987252e+00	8.593533e-01	3.476163e+00
2.111212657236630e+02	2.806215e+00	7.758085e-01	3.617149e+00
2.425146506416640e+02	2.606283e+00	6.975188e-01	3.736506e+00
2.785761802547600e+02	2.404577e+00	6.259750e-01	3.841331e+00
3.200000000000010e+02	2.208626e+00	5.613776e-01	3.934296e+00
3.675834735990520e+02	2.021667e+00	5.032919e-01	4.016888e+00
4.222425314473270e+02	1.846099e+00	4.513512e-01	4.090161e+00
4.850293012833280e+02	1.681956e+00	4.048014e-01	4.155015e+00
5.571523605095210e+02	1.532682e+00	3.638546e-01	4.212347e+00
6.400000000000020e+02	1.396060e+00	3.274924e-01	4.262879e+00
7.351669471981040e+02	1.272140e+00	2.953498e-01	4.307231e+00
8.444850628946550e+02	1.161266e+00	2.672019e-01	4.346025e+00
9.700586025666570e+02	1.062018e+00	2.424829e-01	4.379766e+00
1.114304721019040e+03	9.742959e-01	2.209767e-01	4.409044e+00
1.280000000000000e+03	8.965220e-01	2.021761e-01	4.434362e+00
1.470333894396210e+03	8.281188e-01	1.858346e-01	4.456215e+00
1.688970125789310e+03	7.684026e-01	1.717089e-01	4.475031e+00
1.940117205133320e+03	7.154446e-01	1.592980e-01	4.491233e+00
2.228609442038080e+03	6.704316e-01	1.488147e-01	4.505145e+00
2.560000000000010e+03	6.308737e-01	1.396631e-01	4.517112e+00
2.940667788792420e+03	5.964651e-01	1.317464e-01	4.527373e+00
3.377940251578620e+03	5.664845e-01	1.248812e-01	4.536188e+00
3.880234410266630e+03	5.404973e-01	1.189538e-01	4.543759e+00
4.457218884076170e+03	5.182958e-01	1.139046e-01	4.550263e+00
5.000000000000000e+03	5.018401e-01	1.101742e-01	4.554968e+00
