rl	RMS
1.000000000000000e+01	3.345000e-01
1.148698354997040e+01	3.814039e-01
1.319507910772890e+01	4.344351e-01
1.515716566510400e+01	4.942622e-01
1.741101126592250e+01	5.615886e-01
2.000000000000000e+01	6.371428e-01
2.297396709994070e+01	7.216649e-01
2.639015821545790e+01	8.158881e-01
3.031433133020800e+01	9.205160e-01
3.482202253184500e+01	1.036194e+00
4.000000000000000e+01	1.163478e+00
4.594793419988140e+01	1.302795e+00
5.278031643091580e+01	1.454403e+00
6.062866266041600e+01	1.618353e+00
6.964404506369000e+01	1.794452e+00
8.000000000000010e+01	1.982222e+00
9.189586839976290e+01	2.180888e+00
1.055606328618320e+02	2.389360e+00
1.212573253208320e+02	2.606241e+00
1.392880901273800e+02	2.829854e+00
1.600000000000000e+02	3.058286e+00
1.837917367995260e+02	3.289443e+00
2.111212657236630e+02	3.521133e+00
2.425146506416640e+02	3.751140e+00
2.785761802547600e+02	3.977314e+00
3.200000000000010e+02	4.197647e+00
3.675834735990520e+02	4.410341e+00
4.222425314473270e+02	4.613862e+00
4.850293012833280e+02	4.806971e+00
5.571523605095210e+02	4.988740e+00
6.400000000000020e+02	5.158554e+00
7.351669471981040e+02	5.316086e+00
8.444850628946550e+02	5.461273e+00
9.700586025666570e+02	5.594279e+00
1.114304721019040e+03	5.715458e+00
1.280000000000000e+03	5.825306e+00
1.470333894396210e+03	5.924431e+00
1.688970125789310e+03	6.013513e+00
1.940117205133320e+03	6.093272e+00
2.228609442038080e+03	6.164450e+00
2.560000000000010e+03	6.227782e+00
2.940667788792420e+03	6.283984e+00
3.377940251578620e+03	6.333744e+00
3.880234410266630e+03	6.377708e+00
4.457218884076170e+03	6.416481e+00
5.000000000000000e+03	6.445086e+00
